25
0010001001000001100000000
1000000001010100110010000
0000010110100110000001000
1100000010001000010010001
0100010000000000110100000
0000110110011100100100000
0100100011000000000000110
0000100000010010011110110
0010000100010011010100001
0001000000000010001011011
0011000000100011000000000
1100010000100000100001000
0101000000001011101101010
0000000100100001100000001
1011011000000011010000100
0000000110001110000101010
1000000000000101000010110
0000000000011111010000010
0000010011001000001000110
0000010000000100010011000
0011010000001000011010110
0011100110000001010000000
0010101000000000001100000
0000000100000001001001100
0010010000100010010000100