50
01000000000000100000000000000000000000000000000000
00000000000001000000000100000000000000100000100001
00000100000000000000000000000000000001001000000000
00000100000000000000000100000010000000010010000000
00000000000000000000000000001100110000010110000000
00000000000000000001000100000000000001101100000000
00000000100000001000000010000000001000000000101000
00000000000110000000000000000000000000000000000000
00000000000001000000000000000010000100000000000100
10000000000000000001000000000000000000000000000000
00000000000000000000000000000000000000000000001000
00000000000000000000000000001000000000000000000000
00000000000000000100000000000000000000010000000000
00000000000110000000000000000000000000000000000001
10000000000000000000000000000000010010000000000000
00000000000000000000110010000000000000000000100000
00000000000000000000100000000000000000000111000000
00000000000000000010000000000001000000000000000000
00000000000000001000000000010010000000000000000000
00000010100000000000000001000001010000000000000000
01000000000000000000000000000000000000001000000000
00000000000100000000000000000000000001000000000000
00000000000010000000000000000000000000000001000000
10000000000000000000100000000000000000001000000000
00000000000000000000000000000000000000000000000000
00001000000000100000000010000000000000000010001000
00101000010000000000010000000100100000000100010000
00000000000010000000000000000000000000000000100000
00000000000001000000000000000000000000000000000000
00000000000000000100000000100000000000001010000000
00000000000000000000000000000000000000000100000000
00000000010000000000100000000000100000000000001000
00000010000000000010000010000000000000000010100000
00000000000000010100000000000000000000000001000001
00000000000000010001001100000100000001000001000000
00000000000000000000000000100000000000000000000000
00000000000000000100000010000000000000001000000000
00100000010100000000000001000000000010000000000000
00000000000000000000001000000000000001000000000000
00000000000101000000000000000000000000000000000000
00010100000001000000000000000000000000000000000000
00000000000000000000100000000010000000000000000100
10000000001010000000000000000000000000000000010000
00000000000000000011000100101000000000000010000000
00000110000000000000110000000000000000000000000000
00000000000000000000000000000000000000000000000000
00000000000000000000000000000000000000010000010000
00000000001000000101000000000000000000000000000000
01000000000000000000110000000000000000100000000000
00000001000000000000000000100000000000000000000000